0.00124064425766185 61.7428899711111 0.144749885824815 0.554135912414815 0.00787499920711889 5 0.587811439585185 0.394217629907778 0.158903998796296
0.00124064425766185 61.7428899711111 0.144749885824815 0.554135912414815 0.00787499920711889 5.15151515151515 0.587811439585185 0.394217629907778 0.158903998796296
0.00124064425766185 61.7428899711111 0.144749885824815 0.554135912414815 0.00787499920711889 5.3030303030303 0.587811439585185 0.394217629907778 0.158903998796296
0.00124064425766185 61.7428899711111 0.144749885824815 0.554135912414815 0.00787499920711889 5.45454545454546 0.587811439585185 0.394217629907778 0.158903998796296
0.00124064425766185 61.7428899711111 0.144749885824815 0.554135912414815 0.00787499920711889 5.60606060606061 0.587811439585185 0.394217629907778 0.158903998796296
0.00124064425766185 61.7428899711111 0.144749885824815 0.554135912414815 0.00787499920711889 5.75757575757576 0.587811439585185 0.394217629907778 0.158903998796296
0.00124064425766185 61.7428899711111 0.144749885824815 0.554135912414815 0.00787499920711889 5.90909090909091 0.587811439585185 0.394217629907778 0.158903998796296
0.00124064425766185 61.7428899711111 0.144749885824815 0.554135912414815 0.00787499920711889 6.06060606060606 0.587811439585185 0.394217629907778 0.158903998796296
0.00124064425766185 61.7428899711111 0.144749885824815 0.554135912414815 0.00787499920711889 6.21212121212121 0.587811439585185 0.394217629907778 0.158903998796296
0.00124064425766185 61.7428899711111 0.144749885824815 0.554135912414815 0.00787499920711889 6.36363636363636 0.587811439585185 0.394217629907778 0.158903998796296
0.00124064425766185 61.7428899711111 0.144749885824815 0.554135912414815 0.00787499920711889 6.51515151515152 0.587811439585185 0.394217629907778 0.158903998796296
0.00124064425766185 61.7428899711111 0.144749885824815 0.554135912414815 0.00787499920711889 6.66666666666667 0.587811439585185 0.394217629907778 0.158903998796296
0.00124064425766185 61.7428899711111 0.144749885824815 0.554135912414815 0.00787499920711889 6.81818181818182 0.587811439585185 0.394217629907778 0.158903998796296
0.00124064425766185 61.7428899711111 0.144749885824815 0.554135912414815 0.00787499920711889 6.96969696969697 0.587811439585185 0.394217629907778 0.158903998796296
0.00124064425766185 61.7428899711111 0.144749885824815 0.554135912414815 0.00787499920711889 7.12121212121212 0.587811439585185 0.394217629907778 0.158903998796296
0.00124064425766185 61.7428899711111 0.144749885824815 0.554135912414815 0.00787499920711889 7.27272727272727 0.587811439585185 0.394217629907778 0.158903998796296
0.00124064425766185 61.7428899711111 0.144749885824815 0.554135912414815 0.00787499920711889 7.42424242424242 0.587811439585185 0.394217629907778 0.158903998796296
0.00124064425766185 61.7428899711111 0.144749885824815 0.554135912414815 0.00787499920711889 7.57575757575758 0.587811439585185 0.394217629907778 0.158903998796296
0.00124064425766185 61.7428899711111 0.144749885824815 0.554135912414815 0.00787499920711889 7.72727272727273 0.587811439585185 0.394217629907778 0.158903998796296
0.00124064425766185 61.7428899711111 0.144749885824815 0.554135912414815 0.00787499920711889 7.87878787878788 0.587811439585185 0.394217629907778 0.158903998796296
0.00124064425766185 61.7428899711111 0.144749885824815 0.554135912414815 0.00787499920711889 8.03030303030303 0.587811439585185 0.394217629907778 0.158903998796296
0.00124064425766185 61.7428899711111 0.144749885824815 0.554135912414815 0.00787499920711889 8.18181818181818 0.587811439585185 0.394217629907778 0.158903998796296
0.00124064425766185 61.7428899711111 0.144749885824815 0.554135912414815 0.00787499920711889 8.33333333333333 0.587811439585185 0.394217629907778 0.158903998796296
0.00124064425766185 61.7428899711111 0.144749885824815 0.554135912414815 0.00787499920711889 8.48484848484848 0.587811439585185 0.394217629907778 0.158903998796296
0.00124064425766185 61.7428899711111 0.144749885824815 0.554135912414815 0.00787499920711889 8.63636363636364 0.587811439585185 0.394217629907778 0.158903998796296
0.00124064425766185 61.7428899711111 0.144749885824815 0.554135912414815 0.00787499920711889 8.78787878787879 0.587811439585185 0.394217629907778 0.158903998796296
0.00124064425766185 61.7428899711111 0.144749885824815 0.554135912414815 0.00787499920711889 8.93939393939394 0.587811439585185 0.394217629907778 0.158903998796296
0.00124064425766185 61.7428899711111 0.144749885824815 0.554135912414815 0.00787499920711889 9.09090909090909 0.587811439585185 0.394217629907778 0.158903998796296
0.00124064425766185 61.7428899711111 0.144749885824815 0.554135912414815 0.00787499920711889 9.24242424242424 0.587811439585185 0.394217629907778 0.158903998796296
0.00124064425766185 61.7428899711111 0.144749885824815 0.554135912414815 0.00787499920711889 9.39393939393939 0.587811439585185 0.394217629907778 0.158903998796296
0.00124064425766185 61.7428899711111 0.144749885824815 0.554135912414815 0.00787499920711889 9.54545454545455 0.587811439585185 0.394217629907778 0.158903998796296
0.00124064425766185 61.7428899711111 0.144749885824815 0.554135912414815 0.00787499920711889 9.6969696969697 0.587811439585185 0.394217629907778 0.158903998796296
0.00124064425766185 61.7428899711111 0.144749885824815 0.554135912414815 0.00787499920711889 9.84848484848485 0.587811439585185 0.394217629907778 0.158903998796296
0.00124064425766185 61.7428899711111 0.144749885824815 0.554135912414815 0.00787499920711889 10 0.587811439585185 0.394217629907778 0.158903998796296
0.00124064425766185 61.7428899711111 0.144749885824815 0.554135912414815 0.00787499920711889 10.1515151515152 0.587811439585185 0.394217629907778 0.158903998796296
0.00124064425766185 61.7428899711111 0.144749885824815 0.554135912414815 0.00787499920711889 10.3030303030303 0.587811439585185 0.394217629907778 0.158903998796296
0.00124064425766185 61.7428899711111 0.144749885824815 0.554135912414815 0.00787499920711889 10.4545454545455 0.587811439585185 0.394217629907778 0.158903998796296
0.00124064425766185 61.7428899711111 0.144749885824815 0.554135912414815 0.00787499920711889 10.6060606060606 0.587811439585185 0.394217629907778 0.158903998796296
0.00124064425766185 61.7428899711111 0.144749885824815 0.554135912414815 0.00787499920711889 10.7575757575758 0.587811439585185 0.394217629907778 0.158903998796296
0.00124064425766185 61.7428899711111 0.144749885824815 0.554135912414815 0.00787499920711889 10.9090909090909 0.587811439585185 0.394217629907778 0.158903998796296
0.00124064425766185 61.7428899711111 0.144749885824815 0.554135912414815 0.00787499920711889 11.0606060606061 0.587811439585185 0.394217629907778 0.158903998796296
0.00124064425766185 61.7428899711111 0.144749885824815 0.554135912414815 0.00787499920711889 11.2121212121212 0.587811439585185 0.394217629907778 0.158903998796296
0.00124064425766185 61.7428899711111 0.144749885824815 0.554135912414815 0.00787499920711889 11.3636363636364 0.587811439585185 0.394217629907778 0.158903998796296
0.00124064425766185 61.7428899711111 0.144749885824815 0.554135912414815 0.00787499920711889 11.5151515151515 0.587811439585185 0.394217629907778 0.158903998796296
0.00124064425766185 61.7428899711111 0.144749885824815 0.554135912414815 0.00787499920711889 11.6666666666667 0.587811439585185 0.394217629907778 0.158903998796296
0.00124064425766185 61.7428899711111 0.144749885824815 0.554135912414815 0.00787499920711889 11.8181818181818 0.587811439585185 0.394217629907778 0.158903998796296
0.00124064425766185 61.7428899711111 0.144749885824815 0.554135912414815 0.00787499920711889 11.969696969697 0.587811439585185 0.394217629907778 0.158903998796296
0.00124064425766185 61.7428899711111 0.144749885824815 0.554135912414815 0.00787499920711889 12.1212121212121 0.587811439585185 0.394217629907778 0.158903998796296
0.00124064425766185 61.7428899711111 0.144749885824815 0.554135912414815 0.00787499920711889 12.2727272727273 0.587811439585185 0.394217629907778 0.158903998796296
0.00124064425766185 61.7428899711111 0.144749885824815 0.554135912414815 0.00787499920711889 12.4242424242424 0.587811439585185 0.394217629907778 0.158903998796296
0.00124064425766185 61.7428899711111 0.144749885824815 0.554135912414815 0.00787499920711889 12.5757575757576 0.587811439585185 0.394217629907778 0.158903998796296
0.00124064425766185 61.7428899711111 0.144749885824815 0.554135912414815 0.00787499920711889 12.7272727272727 0.587811439585185 0.394217629907778 0.158903998796296
0.00124064425766185 61.7428899711111 0.144749885824815 0.554135912414815 0.00787499920711889 12.8787878787879 0.587811439585185 0.394217629907778 0.158903998796296
0.00124064425766185 61.7428899711111 0.144749885824815 0.554135912414815 0.00787499920711889 13.030303030303 0.587811439585185 0.394217629907778 0.158903998796296
0.00124064425766185 61.7428899711111 0.144749885824815 0.554135912414815 0.00787499920711889 13.1818181818182 0.587811439585185 0.394217629907778 0.158903998796296
0.00124064425766185 61.7428899711111 0.144749885824815 0.554135912414815 0.00787499920711889 13.3333333333333 0.587811439585185 0.394217629907778 0.158903998796296
0.00124064425766185 61.7428899711111 0.144749885824815 0.554135912414815 0.00787499920711889 13.4848484848485 0.587811439585185 0.394217629907778 0.158903998796296
0.00124064425766185 61.7428899711111 0.144749885824815 0.554135912414815 0.00787499920711889 13.6363636363636 0.587811439585185 0.394217629907778 0.158903998796296
0.00124064425766185 61.7428899711111 0.144749885824815 0.554135912414815 0.00787499920711889 13.7878787878788 0.587811439585185 0.394217629907778 0.158903998796296
0.00124064425766185 61.7428899711111 0.144749885824815 0.554135912414815 0.00787499920711889 13.9393939393939 0.587811439585185 0.394217629907778 0.158903998796296
0.00124064425766185 61.7428899711111 0.144749885824815 0.554135912414815 0.00787499920711889 14.0909090909091 0.587811439585185 0.394217629907778 0.158903998796296
0.00124064425766185 61.7428899711111 0.144749885824815 0.554135912414815 0.00787499920711889 14.2424242424242 0.587811439585185 0.394217629907778 0.158903998796296
0.00124064425766185 61.7428899711111 0.144749885824815 0.554135912414815 0.00787499920711889 14.3939393939394 0.587811439585185 0.394217629907778 0.158903998796296
0.00124064425766185 61.7428899711111 0.144749885824815 0.554135912414815 0.00787499920711889 14.5454545454545 0.587811439585185 0.394217629907778 0.158903998796296
0.00124064425766185 61.7428899711111 0.144749885824815 0.554135912414815 0.00787499920711889 14.6969696969697 0.587811439585185 0.394217629907778 0.158903998796296
0.00124064425766185 61.7428899711111 0.144749885824815 0.554135912414815 0.00787499920711889 14.8484848484848 0.587811439585185 0.394217629907778 0.158903998796296
0.00124064425766185 61.7428899711111 0.144749885824815 0.554135912414815 0.00787499920711889 15 0.587811439585185 0.394217629907778 0.158903998796296
0.00124064425766185 61.7428899711111 0.144749885824815 0.554135912414815 0.00787499920711889 15.1515151515152 0.587811439585185 0.394217629907778 0.158903998796296
0.00124064425766185 61.7428899711111 0.144749885824815 0.554135912414815 0.00787499920711889 15.3030303030303 0.587811439585185 0.394217629907778 0.158903998796296
0.00124064425766185 61.7428899711111 0.144749885824815 0.554135912414815 0.00787499920711889 15.4545454545455 0.587811439585185 0.394217629907778 0.158903998796296
0.00124064425766185 61.7428899711111 0.144749885824815 0.554135912414815 0.00787499920711889 15.6060606060606 0.587811439585185 0.394217629907778 0.158903998796296
0.00124064425766185 61.7428899711111 0.144749885824815 0.554135912414815 0.00787499920711889 15.7575757575758 0.587811439585185 0.394217629907778 0.158903998796296
0.00124064425766185 61.7428899711111 0.144749885824815 0.554135912414815 0.00787499920711889 15.9090909090909 0.587811439585185 0.394217629907778 0.158903998796296
0.00124064425766185 61.7428899711111 0.144749885824815 0.554135912414815 0.00787499920711889 16.0606060606061 0.587811439585185 0.394217629907778 0.158903998796296
0.00124064425766185 61.7428899711111 0.144749885824815 0.554135912414815 0.00787499920711889 16.2121212121212 0.587811439585185 0.394217629907778 0.158903998796296
0.00124064425766185 61.7428899711111 0.144749885824815 0.554135912414815 0.00787499920711889 16.3636363636364 0.587811439585185 0.394217629907778 0.158903998796296
0.00124064425766185 61.7428899711111 0.144749885824815 0.554135912414815 0.00787499920711889 16.5151515151515 0.587811439585185 0.394217629907778 0.158903998796296
0.00124064425766185 61.7428899711111 0.144749885824815 0.554135912414815 0.00787499920711889 16.6666666666667 0.587811439585185 0.394217629907778 0.158903998796296
0.00124064425766185 61.7428899711111 0.144749885824815 0.554135912414815 0.00787499920711889 16.8181818181818 0.587811439585185 0.394217629907778 0.158903998796296
0.00124064425766185 61.7428899711111 0.144749885824815 0.554135912414815 0.00787499920711889 16.969696969697 0.587811439585185 0.394217629907778 0.158903998796296
0.00124064425766185 61.7428899711111 0.144749885824815 0.554135912414815 0.00787499920711889 17.1212121212121 0.587811439585185 0.394217629907778 0.158903998796296
0.00124064425766185 61.7428899711111 0.144749885824815 0.554135912414815 0.00787499920711889 17.2727272727273 0.587811439585185 0.394217629907778 0.158903998796296
0.00124064425766185 61.7428899711111 0.144749885824815 0.554135912414815 0.00787499920711889 17.4242424242424 0.587811439585185 0.394217629907778 0.158903998796296
0.00124064425766185 61.7428899711111 0.144749885824815 0.554135912414815 0.00787499920711889 17.5757575757576 0.587811439585185 0.394217629907778 0.158903998796296
0.00124064425766185 61.7428899711111 0.144749885824815 0.554135912414815 0.00787499920711889 17.7272727272727 0.587811439585185 0.394217629907778 0.158903998796296
0.00124064425766185 61.7428899711111 0.144749885824815 0.554135912414815 0.00787499920711889 17.8787878787879 0.587811439585185 0.394217629907778 0.158903998796296
0.00124064425766185 61.7428899711111 0.144749885824815 0.554135912414815 0.00787499920711889 18.030303030303 0.587811439585185 0.394217629907778 0.158903998796296
0.00124064425766185 61.7428899711111 0.144749885824815 0.554135912414815 0.00787499920711889 18.1818181818182 0.587811439585185 0.394217629907778 0.158903998796296
0.00124064425766185 61.7428899711111 0.144749885824815 0.554135912414815 0.00787499920711889 18.3333333333333 0.587811439585185 0.394217629907778 0.158903998796296
0.00124064425766185 61.7428899711111 0.144749885824815 0.554135912414815 0.00787499920711889 18.4848484848485 0.587811439585185 0.394217629907778 0.158903998796296
0.00124064425766185 61.7428899711111 0.144749885824815 0.554135912414815 0.00787499920711889 18.6363636363636 0.587811439585185 0.394217629907778 0.158903998796296
0.00124064425766185 61.7428899711111 0.144749885824815 0.554135912414815 0.00787499920711889 18.7878787878788 0.587811439585185 0.394217629907778 0.158903998796296
0.00124064425766185 61.7428899711111 0.144749885824815 0.554135912414815 0.00787499920711889 18.9393939393939 0.587811439585185 0.394217629907778 0.158903998796296
0.00124064425766185 61.7428899711111 0.144749885824815 0.554135912414815 0.00787499920711889 19.0909090909091 0.587811439585185 0.394217629907778 0.158903998796296
0.00124064425766185 61.7428899711111 0.144749885824815 0.554135912414815 0.00787499920711889 19.2424242424242 0.587811439585185 0.394217629907778 0.158903998796296
0.00124064425766185 61.7428899711111 0.144749885824815 0.554135912414815 0.00787499920711889 19.3939393939394 0.587811439585185 0.394217629907778 0.158903998796296
0.00124064425766185 61.7428899711111 0.144749885824815 0.554135912414815 0.00787499920711889 19.5454545454545 0.587811439585185 0.394217629907778 0.158903998796296
0.00124064425766185 61.7428899711111 0.144749885824815 0.554135912414815 0.00787499920711889 19.6969696969697 0.587811439585185 0.394217629907778 0.158903998796296
0.00124064425766185 61.7428899711111 0.144749885824815 0.554135912414815 0.00787499920711889 19.8484848484849 0.587811439585185 0.394217629907778 0.158903998796296
0.00124064425766185 61.7428899711111 0.144749885824815 0.554135912414815 0.00787499920711889 20 0.587811439585185 0.394217629907778 0.158903998796296
