0.00124064425766185 61.7428899711111 0.144749885824815 0.554135912414815 0.00787499920711889 11.8377453366296 0.33 0.394217629907778 0.158903998796296
0.00124064425766185 61.7428899711111 0.144749885824815 0.554135912414815 0.00787499920711889 11.8377453366296 0.333333333333333 0.394217629907778 0.158903998796296
0.00124064425766185 61.7428899711111 0.144749885824815 0.554135912414815 0.00787499920711889 11.8377453366296 0.336666666666667 0.394217629907778 0.158903998796296
0.00124064425766185 61.7428899711111 0.144749885824815 0.554135912414815 0.00787499920711889 11.8377453366296 0.34 0.394217629907778 0.158903998796296
0.00124064425766185 61.7428899711111 0.144749885824815 0.554135912414815 0.00787499920711889 11.8377453366296 0.343333333333333 0.394217629907778 0.158903998796296
0.00124064425766185 61.7428899711111 0.144749885824815 0.554135912414815 0.00787499920711889 11.8377453366296 0.346666666666667 0.394217629907778 0.158903998796296
0.00124064425766185 61.7428899711111 0.144749885824815 0.554135912414815 0.00787499920711889 11.8377453366296 0.35 0.394217629907778 0.158903998796296
0.00124064425766185 61.7428899711111 0.144749885824815 0.554135912414815 0.00787499920711889 11.8377453366296 0.353333333333333 0.394217629907778 0.158903998796296
0.00124064425766185 61.7428899711111 0.144749885824815 0.554135912414815 0.00787499920711889 11.8377453366296 0.356666666666667 0.394217629907778 0.158903998796296
0.00124064425766185 61.7428899711111 0.144749885824815 0.554135912414815 0.00787499920711889 11.8377453366296 0.36 0.394217629907778 0.158903998796296
0.00124064425766185 61.7428899711111 0.144749885824815 0.554135912414815 0.00787499920711889 11.8377453366296 0.363333333333333 0.394217629907778 0.158903998796296
0.00124064425766185 61.7428899711111 0.144749885824815 0.554135912414815 0.00787499920711889 11.8377453366296 0.366666666666667 0.394217629907778 0.158903998796296
0.00124064425766185 61.7428899711111 0.144749885824815 0.554135912414815 0.00787499920711889 11.8377453366296 0.37 0.394217629907778 0.158903998796296
0.00124064425766185 61.7428899711111 0.144749885824815 0.554135912414815 0.00787499920711889 11.8377453366296 0.373333333333333 0.394217629907778 0.158903998796296
0.00124064425766185 61.7428899711111 0.144749885824815 0.554135912414815 0.00787499920711889 11.8377453366296 0.376666666666667 0.394217629907778 0.158903998796296
0.00124064425766185 61.7428899711111 0.144749885824815 0.554135912414815 0.00787499920711889 11.8377453366296 0.38 0.394217629907778 0.158903998796296
0.00124064425766185 61.7428899711111 0.144749885824815 0.554135912414815 0.00787499920711889 11.8377453366296 0.383333333333333 0.394217629907778 0.158903998796296
0.00124064425766185 61.7428899711111 0.144749885824815 0.554135912414815 0.00787499920711889 11.8377453366296 0.386666666666667 0.394217629907778 0.158903998796296
0.00124064425766185 61.7428899711111 0.144749885824815 0.554135912414815 0.00787499920711889 11.8377453366296 0.39 0.394217629907778 0.158903998796296
0.00124064425766185 61.7428899711111 0.144749885824815 0.554135912414815 0.00787499920711889 11.8377453366296 0.393333333333333 0.394217629907778 0.158903998796296
0.00124064425766185 61.7428899711111 0.144749885824815 0.554135912414815 0.00787499920711889 11.8377453366296 0.396666666666667 0.394217629907778 0.158903998796296
0.00124064425766185 61.7428899711111 0.144749885824815 0.554135912414815 0.00787499920711889 11.8377453366296 0.4 0.394217629907778 0.158903998796296
0.00124064425766185 61.7428899711111 0.144749885824815 0.554135912414815 0.00787499920711889 11.8377453366296 0.403333333333333 0.394217629907778 0.158903998796296
0.00124064425766185 61.7428899711111 0.144749885824815 0.554135912414815 0.00787499920711889 11.8377453366296 0.406666666666667 0.394217629907778 0.158903998796296
0.00124064425766185 61.7428899711111 0.144749885824815 0.554135912414815 0.00787499920711889 11.8377453366296 0.41 0.394217629907778 0.158903998796296
0.00124064425766185 61.7428899711111 0.144749885824815 0.554135912414815 0.00787499920711889 11.8377453366296 0.413333333333333 0.394217629907778 0.158903998796296
0.00124064425766185 61.7428899711111 0.144749885824815 0.554135912414815 0.00787499920711889 11.8377453366296 0.416666666666667 0.394217629907778 0.158903998796296
0.00124064425766185 61.7428899711111 0.144749885824815 0.554135912414815 0.00787499920711889 11.8377453366296 0.42 0.394217629907778 0.158903998796296
0.00124064425766185 61.7428899711111 0.144749885824815 0.554135912414815 0.00787499920711889 11.8377453366296 0.423333333333333 0.394217629907778 0.158903998796296
0.00124064425766185 61.7428899711111 0.144749885824815 0.554135912414815 0.00787499920711889 11.8377453366296 0.426666666666667 0.394217629907778 0.158903998796296
0.00124064425766185 61.7428899711111 0.144749885824815 0.554135912414815 0.00787499920711889 11.8377453366296 0.43 0.394217629907778 0.158903998796296
0.00124064425766185 61.7428899711111 0.144749885824815 0.554135912414815 0.00787499920711889 11.8377453366296 0.433333333333333 0.394217629907778 0.158903998796296
0.00124064425766185 61.7428899711111 0.144749885824815 0.554135912414815 0.00787499920711889 11.8377453366296 0.436666666666667 0.394217629907778 0.158903998796296
0.00124064425766185 61.7428899711111 0.144749885824815 0.554135912414815 0.00787499920711889 11.8377453366296 0.44 0.394217629907778 0.158903998796296
0.00124064425766185 61.7428899711111 0.144749885824815 0.554135912414815 0.00787499920711889 11.8377453366296 0.443333333333333 0.394217629907778 0.158903998796296
0.00124064425766185 61.7428899711111 0.144749885824815 0.554135912414815 0.00787499920711889 11.8377453366296 0.446666666666667 0.394217629907778 0.158903998796296
0.00124064425766185 61.7428899711111 0.144749885824815 0.554135912414815 0.00787499920711889 11.8377453366296 0.45 0.394217629907778 0.158903998796296
0.00124064425766185 61.7428899711111 0.144749885824815 0.554135912414815 0.00787499920711889 11.8377453366296 0.453333333333333 0.394217629907778 0.158903998796296
0.00124064425766185 61.7428899711111 0.144749885824815 0.554135912414815 0.00787499920711889 11.8377453366296 0.456666666666667 0.394217629907778 0.158903998796296
0.00124064425766185 61.7428899711111 0.144749885824815 0.554135912414815 0.00787499920711889 11.8377453366296 0.46 0.394217629907778 0.158903998796296
0.00124064425766185 61.7428899711111 0.144749885824815 0.554135912414815 0.00787499920711889 11.8377453366296 0.463333333333333 0.394217629907778 0.158903998796296
0.00124064425766185 61.7428899711111 0.144749885824815 0.554135912414815 0.00787499920711889 11.8377453366296 0.466666666666667 0.394217629907778 0.158903998796296
0.00124064425766185 61.7428899711111 0.144749885824815 0.554135912414815 0.00787499920711889 11.8377453366296 0.47 0.394217629907778 0.158903998796296
0.00124064425766185 61.7428899711111 0.144749885824815 0.554135912414815 0.00787499920711889 11.8377453366296 0.473333333333333 0.394217629907778 0.158903998796296
0.00124064425766185 61.7428899711111 0.144749885824815 0.554135912414815 0.00787499920711889 11.8377453366296 0.476666666666667 0.394217629907778 0.158903998796296
0.00124064425766185 61.7428899711111 0.144749885824815 0.554135912414815 0.00787499920711889 11.8377453366296 0.48 0.394217629907778 0.158903998796296
0.00124064425766185 61.7428899711111 0.144749885824815 0.554135912414815 0.00787499920711889 11.8377453366296 0.483333333333333 0.394217629907778 0.158903998796296
0.00124064425766185 61.7428899711111 0.144749885824815 0.554135912414815 0.00787499920711889 11.8377453366296 0.486666666666667 0.394217629907778 0.158903998796296
0.00124064425766185 61.7428899711111 0.144749885824815 0.554135912414815 0.00787499920711889 11.8377453366296 0.49 0.394217629907778 0.158903998796296
0.00124064425766185 61.7428899711111 0.144749885824815 0.554135912414815 0.00787499920711889 11.8377453366296 0.493333333333333 0.394217629907778 0.158903998796296
0.00124064425766185 61.7428899711111 0.144749885824815 0.554135912414815 0.00787499920711889 11.8377453366296 0.496666666666667 0.394217629907778 0.158903998796296
0.00124064425766185 61.7428899711111 0.144749885824815 0.554135912414815 0.00787499920711889 11.8377453366296 0.5 0.394217629907778 0.158903998796296
0.00124064425766185 61.7428899711111 0.144749885824815 0.554135912414815 0.00787499920711889 11.8377453366296 0.503333333333333 0.394217629907778 0.158903998796296
0.00124064425766185 61.7428899711111 0.144749885824815 0.554135912414815 0.00787499920711889 11.8377453366296 0.506666666666667 0.394217629907778 0.158903998796296
0.00124064425766185 61.7428899711111 0.144749885824815 0.554135912414815 0.00787499920711889 11.8377453366296 0.51 0.394217629907778 0.158903998796296
0.00124064425766185 61.7428899711111 0.144749885824815 0.554135912414815 0.00787499920711889 11.8377453366296 0.513333333333333 0.394217629907778 0.158903998796296
0.00124064425766185 61.7428899711111 0.144749885824815 0.554135912414815 0.00787499920711889 11.8377453366296 0.516666666666667 0.394217629907778 0.158903998796296
0.00124064425766185 61.7428899711111 0.144749885824815 0.554135912414815 0.00787499920711889 11.8377453366296 0.52 0.394217629907778 0.158903998796296
0.00124064425766185 61.7428899711111 0.144749885824815 0.554135912414815 0.00787499920711889 11.8377453366296 0.523333333333333 0.394217629907778 0.158903998796296
0.00124064425766185 61.7428899711111 0.144749885824815 0.554135912414815 0.00787499920711889 11.8377453366296 0.526666666666667 0.394217629907778 0.158903998796296
0.00124064425766185 61.7428899711111 0.144749885824815 0.554135912414815 0.00787499920711889 11.8377453366296 0.53 0.394217629907778 0.158903998796296
0.00124064425766185 61.7428899711111 0.144749885824815 0.554135912414815 0.00787499920711889 11.8377453366296 0.533333333333333 0.394217629907778 0.158903998796296
0.00124064425766185 61.7428899711111 0.144749885824815 0.554135912414815 0.00787499920711889 11.8377453366296 0.536666666666667 0.394217629907778 0.158903998796296
0.00124064425766185 61.7428899711111 0.144749885824815 0.554135912414815 0.00787499920711889 11.8377453366296 0.54 0.394217629907778 0.158903998796296
0.00124064425766185 61.7428899711111 0.144749885824815 0.554135912414815 0.00787499920711889 11.8377453366296 0.543333333333333 0.394217629907778 0.158903998796296
0.00124064425766185 61.7428899711111 0.144749885824815 0.554135912414815 0.00787499920711889 11.8377453366296 0.546666666666667 0.394217629907778 0.158903998796296
0.00124064425766185 61.7428899711111 0.144749885824815 0.554135912414815 0.00787499920711889 11.8377453366296 0.55 0.394217629907778 0.158903998796296
0.00124064425766185 61.7428899711111 0.144749885824815 0.554135912414815 0.00787499920711889 11.8377453366296 0.553333333333333 0.394217629907778 0.158903998796296
0.00124064425766185 61.7428899711111 0.144749885824815 0.554135912414815 0.00787499920711889 11.8377453366296 0.556666666666667 0.394217629907778 0.158903998796296
0.00124064425766185 61.7428899711111 0.144749885824815 0.554135912414815 0.00787499920711889 11.8377453366296 0.56 0.394217629907778 0.158903998796296
0.00124064425766185 61.7428899711111 0.144749885824815 0.554135912414815 0.00787499920711889 11.8377453366296 0.563333333333333 0.394217629907778 0.158903998796296
0.00124064425766185 61.7428899711111 0.144749885824815 0.554135912414815 0.00787499920711889 11.8377453366296 0.566666666666667 0.394217629907778 0.158903998796296
0.00124064425766185 61.7428899711111 0.144749885824815 0.554135912414815 0.00787499920711889 11.8377453366296 0.57 0.394217629907778 0.158903998796296
0.00124064425766185 61.7428899711111 0.144749885824815 0.554135912414815 0.00787499920711889 11.8377453366296 0.573333333333333 0.394217629907778 0.158903998796296
0.00124064425766185 61.7428899711111 0.144749885824815 0.554135912414815 0.00787499920711889 11.8377453366296 0.576666666666667 0.394217629907778 0.158903998796296
0.00124064425766185 61.7428899711111 0.144749885824815 0.554135912414815 0.00787499920711889 11.8377453366296 0.58 0.394217629907778 0.158903998796296
0.00124064425766185 61.7428899711111 0.144749885824815 0.554135912414815 0.00787499920711889 11.8377453366296 0.583333333333333 0.394217629907778 0.158903998796296
0.00124064425766185 61.7428899711111 0.144749885824815 0.554135912414815 0.00787499920711889 11.8377453366296 0.586666666666667 0.394217629907778 0.158903998796296
0.00124064425766185 61.7428899711111 0.144749885824815 0.554135912414815 0.00787499920711889 11.8377453366296 0.59 0.394217629907778 0.158903998796296
0.00124064425766185 61.7428899711111 0.144749885824815 0.554135912414815 0.00787499920711889 11.8377453366296 0.593333333333333 0.394217629907778 0.158903998796296
0.00124064425766185 61.7428899711111 0.144749885824815 0.554135912414815 0.00787499920711889 11.8377453366296 0.596666666666667 0.394217629907778 0.158903998796296
0.00124064425766185 61.7428899711111 0.144749885824815 0.554135912414815 0.00787499920711889 11.8377453366296 0.6 0.394217629907778 0.158903998796296
0.00124064425766185 61.7428899711111 0.144749885824815 0.554135912414815 0.00787499920711889 11.8377453366296 0.603333333333333 0.394217629907778 0.158903998796296
0.00124064425766185 61.7428899711111 0.144749885824815 0.554135912414815 0.00787499920711889 11.8377453366296 0.606666666666667 0.394217629907778 0.158903998796296
0.00124064425766185 61.7428899711111 0.144749885824815 0.554135912414815 0.00787499920711889 11.8377453366296 0.61 0.394217629907778 0.158903998796296
0.00124064425766185 61.7428899711111 0.144749885824815 0.554135912414815 0.00787499920711889 11.8377453366296 0.613333333333333 0.394217629907778 0.158903998796296
0.00124064425766185 61.7428899711111 0.144749885824815 0.554135912414815 0.00787499920711889 11.8377453366296 0.616666666666667 0.394217629907778 0.158903998796296
0.00124064425766185 61.7428899711111 0.144749885824815 0.554135912414815 0.00787499920711889 11.8377453366296 0.62 0.394217629907778 0.158903998796296
0.00124064425766185 61.7428899711111 0.144749885824815 0.554135912414815 0.00787499920711889 11.8377453366296 0.623333333333333 0.394217629907778 0.158903998796296
0.00124064425766185 61.7428899711111 0.144749885824815 0.554135912414815 0.00787499920711889 11.8377453366296 0.626666666666667 0.394217629907778 0.158903998796296
0.00124064425766185 61.7428899711111 0.144749885824815 0.554135912414815 0.00787499920711889 11.8377453366296 0.63 0.394217629907778 0.158903998796296
0.00124064425766185 61.7428899711111 0.144749885824815 0.554135912414815 0.00787499920711889 11.8377453366296 0.633333333333333 0.394217629907778 0.158903998796296
0.00124064425766185 61.7428899711111 0.144749885824815 0.554135912414815 0.00787499920711889 11.8377453366296 0.636666666666667 0.394217629907778 0.158903998796296
0.00124064425766185 61.7428899711111 0.144749885824815 0.554135912414815 0.00787499920711889 11.8377453366296 0.64 0.394217629907778 0.158903998796296
0.00124064425766185 61.7428899711111 0.144749885824815 0.554135912414815 0.00787499920711889 11.8377453366296 0.643333333333333 0.394217629907778 0.158903998796296
0.00124064425766185 61.7428899711111 0.144749885824815 0.554135912414815 0.00787499920711889 11.8377453366296 0.646666666666667 0.394217629907778 0.158903998796296
0.00124064425766185 61.7428899711111 0.144749885824815 0.554135912414815 0.00787499920711889 11.8377453366296 0.65 0.394217629907778 0.158903998796296
0.00124064425766185 61.7428899711111 0.144749885824815 0.554135912414815 0.00787499920711889 11.8377453366296 0.653333333333333 0.394217629907778 0.158903998796296
0.00124064425766185 61.7428899711111 0.144749885824815 0.554135912414815 0.00787499920711889 11.8377453366296 0.656666666666667 0.394217629907778 0.158903998796296
0.00124064425766185 61.7428899711111 0.144749885824815 0.554135912414815 0.00787499920711889 11.8377453366296 0.66 0.394217629907778 0.158903998796296
