0.00124064425766185 61.7428899711111 0.144749885824815 0.554135912414815 0 11.8377453366296 0.587811439585185 0.394217629907778 0.158903998796296
0.00124064425766185 61.7428899711111 0.144749885824815 0.554135912414815 0.00022139200221392 11.8377453366296 0.587811439585185 0.394217629907778 0.158903998796296
0.00124064425766185 61.7428899711111 0.144749885824815 0.554135912414815 0.00044278400442784 11.8377453366296 0.587811439585185 0.394217629907778 0.158903998796296
0.00124064425766185 61.7428899711111 0.144749885824815 0.554135912414815 0.00066417600664176 11.8377453366296 0.587811439585185 0.394217629907778 0.158903998796296
0.00124064425766185 61.7428899711111 0.144749885824815 0.554135912414815 0.00088556800885568 11.8377453366296 0.587811439585185 0.394217629907778 0.158903998796296
0.00124064425766185 61.7428899711111 0.144749885824815 0.554135912414815 0.0011069600110696 11.8377453366296 0.587811439585185 0.394217629907778 0.158903998796296
0.00124064425766185 61.7428899711111 0.144749885824815 0.554135912414815 0.00132835201328352 11.8377453366296 0.587811439585185 0.394217629907778 0.158903998796296
0.00124064425766185 61.7428899711111 0.144749885824815 0.554135912414815 0.00154974401549744 11.8377453366296 0.587811439585185 0.394217629907778 0.158903998796296
0.00124064425766185 61.7428899711111 0.144749885824815 0.554135912414815 0.00177113601771136 11.8377453366296 0.587811439585185 0.394217629907778 0.158903998796296
0.00124064425766185 61.7428899711111 0.144749885824815 0.554135912414815 0.00199252801992528 11.8377453366296 0.587811439585185 0.394217629907778 0.158903998796296
0.00124064425766185 61.7428899711111 0.144749885824815 0.554135912414815 0.0022139200221392 11.8377453366296 0.587811439585185 0.394217629907778 0.158903998796296
0.00124064425766185 61.7428899711111 0.144749885824815 0.554135912414815 0.00243531202435312 11.8377453366296 0.587811439585185 0.394217629907778 0.158903998796296
0.00124064425766185 61.7428899711111 0.144749885824815 0.554135912414815 0.00265670402656704 11.8377453366296 0.587811439585185 0.394217629907778 0.158903998796296
0.00124064425766185 61.7428899711111 0.144749885824815 0.554135912414815 0.00287809602878096 11.8377453366296 0.587811439585185 0.394217629907778 0.158903998796296
0.00124064425766185 61.7428899711111 0.144749885824815 0.554135912414815 0.00309948803099488 11.8377453366296 0.587811439585185 0.394217629907778 0.158903998796296
0.00124064425766185 61.7428899711111 0.144749885824815 0.554135912414815 0.0033208800332088 11.8377453366296 0.587811439585185 0.394217629907778 0.158903998796296
0.00124064425766185 61.7428899711111 0.144749885824815 0.554135912414815 0.00354227203542272 11.8377453366296 0.587811439585185 0.394217629907778 0.158903998796296
0.00124064425766185 61.7428899711111 0.144749885824815 0.554135912414815 0.00376366403763664 11.8377453366296 0.587811439585185 0.394217629907778 0.158903998796296
0.00124064425766185 61.7428899711111 0.144749885824815 0.554135912414815 0.00398505603985056 11.8377453366296 0.587811439585185 0.394217629907778 0.158903998796296
0.00124064425766185 61.7428899711111 0.144749885824815 0.554135912414815 0.00420644804206448 11.8377453366296 0.587811439585185 0.394217629907778 0.158903998796296
0.00124064425766185 61.7428899711111 0.144749885824815 0.554135912414815 0.0044278400442784 11.8377453366296 0.587811439585185 0.394217629907778 0.158903998796296
0.00124064425766185 61.7428899711111 0.144749885824815 0.554135912414815 0.00464923204649232 11.8377453366296 0.587811439585185 0.394217629907778 0.158903998796296
0.00124064425766185 61.7428899711111 0.144749885824815 0.554135912414815 0.00487062404870624 11.8377453366296 0.587811439585185 0.394217629907778 0.158903998796296
0.00124064425766185 61.7428899711111 0.144749885824815 0.554135912414815 0.00509201605092016 11.8377453366296 0.587811439585185 0.394217629907778 0.158903998796296
0.00124064425766185 61.7428899711111 0.144749885824815 0.554135912414815 0.00531340805313408 11.8377453366296 0.587811439585185 0.394217629907778 0.158903998796296
0.00124064425766185 61.7428899711111 0.144749885824815 0.554135912414815 0.005534800055348 11.8377453366296 0.587811439585185 0.394217629907778 0.158903998796296
0.00124064425766185 61.7428899711111 0.144749885824815 0.554135912414815 0.00575619205756192 11.8377453366296 0.587811439585185 0.394217629907778 0.158903998796296
0.00124064425766185 61.7428899711111 0.144749885824815 0.554135912414815 0.00597758405977584 11.8377453366296 0.587811439585185 0.394217629907778 0.158903998796296
0.00124064425766185 61.7428899711111 0.144749885824815 0.554135912414815 0.00619897606198976 11.8377453366296 0.587811439585185 0.394217629907778 0.158903998796296
0.00124064425766185 61.7428899711111 0.144749885824815 0.554135912414815 0.00642036806420368 11.8377453366296 0.587811439585185 0.394217629907778 0.158903998796296
0.00124064425766185 61.7428899711111 0.144749885824815 0.554135912414815 0.0066417600664176 11.8377453366296 0.587811439585185 0.394217629907778 0.158903998796296
0.00124064425766185 61.7428899711111 0.144749885824815 0.554135912414815 0.00686315206863152 11.8377453366296 0.587811439585185 0.394217629907778 0.158903998796296
0.00124064425766185 61.7428899711111 0.144749885824815 0.554135912414815 0.00708454407084544 11.8377453366296 0.587811439585185 0.394217629907778 0.158903998796296
0.00124064425766185 61.7428899711111 0.144749885824815 0.554135912414815 0.00730593607305936 11.8377453366296 0.587811439585185 0.394217629907778 0.158903998796296
0.00124064425766185 61.7428899711111 0.144749885824815 0.554135912414815 0.00752732807527328 11.8377453366296 0.587811439585185 0.394217629907778 0.158903998796296
0.00124064425766185 61.7428899711111 0.144749885824815 0.554135912414815 0.0077487200774872 11.8377453366296 0.587811439585185 0.394217629907778 0.158903998796296
0.00124064425766185 61.7428899711111 0.144749885824815 0.554135912414815 0.00797011207970112 11.8377453366296 0.587811439585185 0.394217629907778 0.158903998796296
0.00124064425766185 61.7428899711111 0.144749885824815 0.554135912414815 0.00819150408191504 11.8377453366296 0.587811439585185 0.394217629907778 0.158903998796296
0.00124064425766185 61.7428899711111 0.144749885824815 0.554135912414815 0.00841289608412896 11.8377453366296 0.587811439585185 0.394217629907778 0.158903998796296
0.00124064425766185 61.7428899711111 0.144749885824815 0.554135912414815 0.00863428808634288 11.8377453366296 0.587811439585185 0.394217629907778 0.158903998796296
0.00124064425766185 61.7428899711111 0.144749885824815 0.554135912414815 0.0088556800885568 11.8377453366296 0.587811439585185 0.394217629907778 0.158903998796296
0.00124064425766185 61.7428899711111 0.144749885824815 0.554135912414815 0.00907707209077072 11.8377453366296 0.587811439585185 0.394217629907778 0.158903998796296
0.00124064425766185 61.7428899711111 0.144749885824815 0.554135912414815 0.00929846409298464 11.8377453366296 0.587811439585185 0.394217629907778 0.158903998796296
0.00124064425766185 61.7428899711111 0.144749885824815 0.554135912414815 0.00951985609519856 11.8377453366296 0.587811439585185 0.394217629907778 0.158903998796296
0.00124064425766185 61.7428899711111 0.144749885824815 0.554135912414815 0.00974124809741248 11.8377453366296 0.587811439585185 0.394217629907778 0.158903998796296
0.00124064425766185 61.7428899711111 0.144749885824815 0.554135912414815 0.0099626400996264 11.8377453366296 0.587811439585185 0.394217629907778 0.158903998796296
0.00124064425766185 61.7428899711111 0.144749885824815 0.554135912414815 0.0101840321018403 11.8377453366296 0.587811439585185 0.394217629907778 0.158903998796296
0.00124064425766185 61.7428899711111 0.144749885824815 0.554135912414815 0.0104054241040542 11.8377453366296 0.587811439585185 0.394217629907778 0.158903998796296
0.00124064425766185 61.7428899711111 0.144749885824815 0.554135912414815 0.0106268161062682 11.8377453366296 0.587811439585185 0.394217629907778 0.158903998796296
0.00124064425766185 61.7428899711111 0.144749885824815 0.554135912414815 0.0108482081084821 11.8377453366296 0.587811439585185 0.394217629907778 0.158903998796296
0.00124064425766185 61.7428899711111 0.144749885824815 0.554135912414815 0.011069600110696 11.8377453366296 0.587811439585185 0.394217629907778 0.158903998796296
0.00124064425766185 61.7428899711111 0.144749885824815 0.554135912414815 0.0112909921129099 11.8377453366296 0.587811439585185 0.394217629907778 0.158903998796296
0.00124064425766185 61.7428899711111 0.144749885824815 0.554135912414815 0.0115123841151238 11.8377453366296 0.587811439585185 0.394217629907778 0.158903998796296
0.00124064425766185 61.7428899711111 0.144749885824815 0.554135912414815 0.0117337761173378 11.8377453366296 0.587811439585185 0.394217629907778 0.158903998796296
0.00124064425766185 61.7428899711111 0.144749885824815 0.554135912414815 0.0119551681195517 11.8377453366296 0.587811439585185 0.394217629907778 0.158903998796296
0.00124064425766185 61.7428899711111 0.144749885824815 0.554135912414815 0.0121765601217656 11.8377453366296 0.587811439585185 0.394217629907778 0.158903998796296
0.00124064425766185 61.7428899711111 0.144749885824815 0.554135912414815 0.0123979521239795 11.8377453366296 0.587811439585185 0.394217629907778 0.158903998796296
0.00124064425766185 61.7428899711111 0.144749885824815 0.554135912414815 0.0126193441261934 11.8377453366296 0.587811439585185 0.394217629907778 0.158903998796296
0.00124064425766185 61.7428899711111 0.144749885824815 0.554135912414815 0.0128407361284074 11.8377453366296 0.587811439585185 0.394217629907778 0.158903998796296
0.00124064425766185 61.7428899711111 0.144749885824815 0.554135912414815 0.0130621281306213 11.8377453366296 0.587811439585185 0.394217629907778 0.158903998796296
0.00124064425766185 61.7428899711111 0.144749885824815 0.554135912414815 0.0132835201328352 11.8377453366296 0.587811439585185 0.394217629907778 0.158903998796296
0.00124064425766185 61.7428899711111 0.144749885824815 0.554135912414815 0.0135049121350491 11.8377453366296 0.587811439585185 0.394217629907778 0.158903998796296
0.00124064425766185 61.7428899711111 0.144749885824815 0.554135912414815 0.013726304137263 11.8377453366296 0.587811439585185 0.394217629907778 0.158903998796296
0.00124064425766185 61.7428899711111 0.144749885824815 0.554135912414815 0.013947696139477 11.8377453366296 0.587811439585185 0.394217629907778 0.158903998796296
0.00124064425766185 61.7428899711111 0.144749885824815 0.554135912414815 0.0141690881416909 11.8377453366296 0.587811439585185 0.394217629907778 0.158903998796296
0.00124064425766185 61.7428899711111 0.144749885824815 0.554135912414815 0.0143904801439048 11.8377453366296 0.587811439585185 0.394217629907778 0.158903998796296
0.00124064425766185 61.7428899711111 0.144749885824815 0.554135912414815 0.0146118721461187 11.8377453366296 0.587811439585185 0.394217629907778 0.158903998796296
0.00124064425766185 61.7428899711111 0.144749885824815 0.554135912414815 0.0148332641483326 11.8377453366296 0.587811439585185 0.394217629907778 0.158903998796296
0.00124064425766185 61.7428899711111 0.144749885824815 0.554135912414815 0.0150546561505466 11.8377453366296 0.587811439585185 0.394217629907778 0.158903998796296
0.00124064425766185 61.7428899711111 0.144749885824815 0.554135912414815 0.0152760481527605 11.8377453366296 0.587811439585185 0.394217629907778 0.158903998796296
0.00124064425766185 61.7428899711111 0.144749885824815 0.554135912414815 0.0154974401549744 11.8377453366296 0.587811439585185 0.394217629907778 0.158903998796296
0.00124064425766185 61.7428899711111 0.144749885824815 0.554135912414815 0.0157188321571883 11.8377453366296 0.587811439585185 0.394217629907778 0.158903998796296
0.00124064425766185 61.7428899711111 0.144749885824815 0.554135912414815 0.0159402241594022 11.8377453366296 0.587811439585185 0.394217629907778 0.158903998796296
0.00124064425766185 61.7428899711111 0.144749885824815 0.554135912414815 0.0161616161616162 11.8377453366296 0.587811439585185 0.394217629907778 0.158903998796296
0.00124064425766185 61.7428899711111 0.144749885824815 0.554135912414815 0.0163830081638301 11.8377453366296 0.587811439585185 0.394217629907778 0.158903998796296
0.00124064425766185 61.7428899711111 0.144749885824815 0.554135912414815 0.016604400166044 11.8377453366296 0.587811439585185 0.394217629907778 0.158903998796296
0.00124064425766185 61.7428899711111 0.144749885824815 0.554135912414815 0.0168257921682579 11.8377453366296 0.587811439585185 0.394217629907778 0.158903998796296
0.00124064425766185 61.7428899711111 0.144749885824815 0.554135912414815 0.0170471841704718 11.8377453366296 0.587811439585185 0.394217629907778 0.158903998796296
0.00124064425766185 61.7428899711111 0.144749885824815 0.554135912414815 0.0172685761726858 11.8377453366296 0.587811439585185 0.394217629907778 0.158903998796296
0.00124064425766185 61.7428899711111 0.144749885824815 0.554135912414815 0.0174899681748997 11.8377453366296 0.587811439585185 0.394217629907778 0.158903998796296
0.00124064425766185 61.7428899711111 0.144749885824815 0.554135912414815 0.0177113601771136 11.8377453366296 0.587811439585185 0.394217629907778 0.158903998796296
0.00124064425766185 61.7428899711111 0.144749885824815 0.554135912414815 0.0179327521793275 11.8377453366296 0.587811439585185 0.394217629907778 0.158903998796296
0.00124064425766185 61.7428899711111 0.144749885824815 0.554135912414815 0.0181541441815414 11.8377453366296 0.587811439585185 0.394217629907778 0.158903998796296
0.00124064425766185 61.7428899711111 0.144749885824815 0.554135912414815 0.0183755361837554 11.8377453366296 0.587811439585185 0.394217629907778 0.158903998796296
0.00124064425766185 61.7428899711111 0.144749885824815 0.554135912414815 0.0185969281859693 11.8377453366296 0.587811439585185 0.394217629907778 0.158903998796296
0.00124064425766185 61.7428899711111 0.144749885824815 0.554135912414815 0.0188183201881832 11.8377453366296 0.587811439585185 0.394217629907778 0.158903998796296
0.00124064425766185 61.7428899711111 0.144749885824815 0.554135912414815 0.0190397121903971 11.8377453366296 0.587811439585185 0.394217629907778 0.158903998796296
0.00124064425766185 61.7428899711111 0.144749885824815 0.554135912414815 0.019261104192611 11.8377453366296 0.587811439585185 0.394217629907778 0.158903998796296
0.00124064425766185 61.7428899711111 0.144749885824815 0.554135912414815 0.019482496194825 11.8377453366296 0.587811439585185 0.394217629907778 0.158903998796296
0.00124064425766185 61.7428899711111 0.144749885824815 0.554135912414815 0.0197038881970389 11.8377453366296 0.587811439585185 0.394217629907778 0.158903998796296
0.00124064425766185 61.7428899711111 0.144749885824815 0.554135912414815 0.0199252801992528 11.8377453366296 0.587811439585185 0.394217629907778 0.158903998796296
0.00124064425766185 61.7428899711111 0.144749885824815 0.554135912414815 0.0201466722014667 11.8377453366296 0.587811439585185 0.394217629907778 0.158903998796296
0.00124064425766185 61.7428899711111 0.144749885824815 0.554135912414815 0.0203680642036806 11.8377453366296 0.587811439585185 0.394217629907778 0.158903998796296
0.00124064425766185 61.7428899711111 0.144749885824815 0.554135912414815 0.0205894562058946 11.8377453366296 0.587811439585185 0.394217629907778 0.158903998796296
0.00124064425766185 61.7428899711111 0.144749885824815 0.554135912414815 0.0208108482081085 11.8377453366296 0.587811439585185 0.394217629907778 0.158903998796296
0.00124064425766185 61.7428899711111 0.144749885824815 0.554135912414815 0.0210322402103224 11.8377453366296 0.587811439585185 0.394217629907778 0.158903998796296
0.00124064425766185 61.7428899711111 0.144749885824815 0.554135912414815 0.0212536322125363 11.8377453366296 0.587811439585185 0.394217629907778 0.158903998796296
0.00124064425766185 61.7428899711111 0.144749885824815 0.554135912414815 0.0214750242147502 11.8377453366296 0.587811439585185 0.394217629907778 0.158903998796296
0.00124064425766185 61.7428899711111 0.144749885824815 0.554135912414815 0.0216964162169642 11.8377453366296 0.587811439585185 0.394217629907778 0.158903998796296
0.00124064425766185 61.7428899711111 0.144749885824815 0.554135912414815 0.0219178082191781 11.8377453366296 0.587811439585185 0.394217629907778 0.158903998796296
