531
532
532
534
535
536
537
538
540
541
543
544
546
548
550
552
553
555
557
560
562
564
566
568
571
573
575
578
580
583
585
588
591
593
596
599
602
604
607
610
613
616
619
622
625
627
630
633
637
640
643
646
649
652
655
658
661
664
667
671
674
677
680
683
686
690
693
696
699
702
706
709
712
715
718
722
725
728
731
734
738
741
744
747
751
754
757
760
763
767
770
773
776
779
782
786
789
792
795
798
801
804
807
811
814
817
820
823
826
829
832
835
838
841
844
846
849
852
855
858
861
863
866
869
872
874
877
880
882
885
887
890
892
894
897
899
901
904
906
908
910
912
914
916
918
920
921
923
925
926
928
929
931
932
933
935
936
937
938
939
940
941
941
942
942
943
943
944
944
944
944
944
944
944
944
944
944
943
943
942
941
941
940
939
938
937
936
935
934
933
931
930
928
927
925
924
922
920
919
917
915
913
911
909
907
905
902
900
898
896
893
891
888
886
883
881
878
876
873
870
868
865
862
860
857
854
851
848
846
843
840
837
834
831
828
825
822
819
816
813
810
807
804
801
798
795
792
788
785
782
779
776
773
770
767
763
760
757
754
751
748
745
741
738
735
732
729
726
722
719
716
713
710
707
703
700
697
694
691
688
685
681
678
675
672
669
666
663
660
657
654
651
648
644
641
638
635
632
630
627
624
621
618
615
612
609
607
604
601
598
596
593
590
588
585
583
580
578
575
573
570
568
566
564
562
559
557
555
553
552
550
548
546
544
543
541
540
538
537
536
535
534
533
532
531
530
529
528
528
527
527
527
526
526
526
526
526
526
527
527
527
528
528
529
530
